71 66 69 68 64 60 74 53 39 44 50 50 53 60 60 55 68 66 61 69 71 76 76 96 117 114 118 120 122 110 112 122 138 154 168 179 187 191 184 180 180 185 188 187 187 189 186 177 182 181 179 178 170 176 166 148 154 150 139 145 148 152 147 134 126 121 118 118 109 90 90 82 63 67 72 66 61 45 47 100 137 140 138 141 141 141 140 140 140 140 140 140 140 140 140 140 140
87 81 70 62 63 68 56 67 67 53 47 56 65 65 71 62 71 71 71 82 80 81 76 86 103 114 105 115 116 105 114 120 131 144 156 167 176 182 185 180 178 179 181 181 183 185 183 177 181 176 171 169 159 162 153 138 142 134 125 129 130 135 123 119 122 123 119 117 110 95 101 94 75 74 75 68 62 46 48 98 134 137 137 141 141 139 140 140 140 140 140 140 140 140 140 140 140
114 113 114 109 97 87 61 89 102 86 69 71 79 80 89 78 84 82 82 92 91 92 84 83 95 117 100 117 121 113 127 130 135 142 149 158 167 173 183 181 179 178 178 178 180 181 179 174 177 165 157 154 142 142 138 128 128 115 105 104 97 101 96 96 104 112 112 112 107 96 95 99 89 84 75 63 63 53 44 94 129 134 137 143 144 141 141 141 141 141 141 141 141 141 141 141 141
152 147 150 152 148 142 131 113 112 128 127 104 93 101 112 100 105 97 91 98 98 100 87 84 95 120 105 120 120 110 125 128 133 140 148 159 169 176 181 181 181 179 177 177 177 176 171 168 167 149 137 134 122 120 122 116 114 97 87 81 67 69 80 73 75 84 89 97 101 96 88 95 88 86 79 69 68 57 42 92 128 133 137 144 143 141 141 141 141 141 141 141 141 141 141 141 141
190 181 170 166 170 174 174 148 136 150 157 143 129 128 132 122 126 115 103 106 104 106 104 96 98 108 102 114 118 110 117 122 129 138 147 158 168 174 177 180 181 177 174 172 170 168 165 162 158 133 119 119 109 106 109 108 104 85 78 72 55 59 69 52 45 48 55 70 83 85 82 84 73 76 83 81 76 55 42 93 131 135 137 142 141 139 141 141 141 141 141 141 141 141 141 141 141
188 186 188 187 176 162 170 169 164 157 156 158 153 145 143 134 141 133 123 123 117 116 124 117 111 102 110 116 122 116 115 121 130 139 148 157 164 168 175 178 178 171 165 163 161 157 154 152 145 116 101 105 97 95 95 98 92 72 69 65 49 56 59 41 32 33 36 47 61 65 68 69 58 63 75 80 78 57 38 93 133 138 138 141 141 140 142 142 142 142 142 142 142 142 142 142 142
195 184 175 176 182 185 173 166 164 167 162 149 142 144 146 138 148 145 139 140 131 127 127 129 129 116 134 130 127 115 114 121 131 143 152 160 166 170 174 177 174 165 158 155 153 150 141 138 131 99 84 91 86 84 82 85 77 56 55 54 40 49 54 41 38 41 38 41 49 50 53 60 53 56 63 69 75 62 33 90 133 139 139 142 143 143 142 142 142 142 142 142 142 142 142 142 142
191 186 182 180 182 184 177 170 164 162 159 152 147 145 142 140 138 139 143 145 144 143 138 142 143 138 136 136 134 129 131 139 151 162 170 172 171 169 176 180 171 157 150 145 144 152 139 125 102 85 84 91 90 82 71 72 65 50 45 49 52 50 43 37 31 30 33 36 36 35 44 49 52 49 45 47 56 65 37 63 131 143 139 149 136 144 142 142 142 142 142 142 142 142 141 141 141
177 178 186 190 185 177 170 165 163 163 160 152 143 139 139 137 134 135 138 140 140 139 138 144 147 144 140 140 137 134 134 141 152 164 173 178 179 179 179 179 166 150 142 135 131 136 129 117 97 80 77 81 78 69 53 56 52 44 43 49 50 46 30 26 22 22 26 32 36 38 38 42 47 49 49 49 51 53 39 58 124 141 137 148 138 143 142 142 142 142 142 142 142 142 141 141 141
186 184 181 176 171 168 161 155 151 152 153 152 152 153 133 131 129 129 132 135 137 138 137 145 152 152 148 146 144 143 147 153 163 174 182 188 190 191 186 182 165 146 135 122 114 118 120 112 96 80 75 75 68 57 45 48 47 44 46 50 48 41 41 37 30 24 22 23 25 27 29 33 40 46 50 49 45 42 41 52 115 141 135 145 142 141 142 142 142 142 142 142 142 142 141 141 141
168 158 148 143 143 145 143 141 141 145 143 134 125 120 125 125 125 126 128 131 135 138 136 145 154 158 157 155 154 155 166 171 180 189 196 198 198 197 192 187 169 148 131 112 103 108 111 107 96 82 75 72 64 53 54 54 51 49 50 50 44 36 33 32 30 28 26 26 29 31 28 31 35 41 45 46 45 43 41 48 108 142 137 142 143 141 142 142 142 142 142 142 142 142 141 141 141
106 103 106 106 99 91 93 87 85 91 101 111 121 128 116 119 122 124 125 127 130 133 133 140 152 160 163 164 166 169 180 186 195 203 207 206 203 200 194 190 174 152 130 107 97 104 100 100 93 81 73 70 62 53 59 56 51 48 47 46 40 34 30 32 34 34 31 28 26 25 32 32 32 33 34 37 41 45 39 46 98 138 140 140 142 142 142 142 142 142 142 142 142 142 142 142 142
137 148 152 145 130 117 94 79 63 55 55 60 69 77 100 106 114 118 118 119 122 125 128 133 144 158 167 172 177 182 186 192 202 210 213 211 206 203 194 189 173 154 132 106 93 99 93 95 91 79 71 69 65 59 55 52 48 47 48 49 48 46 52 55 58 58 55 47 38 33 41 39 34 30 28 29 32 35 38 43 79 125 144 140 139 144 142 142 142 142 142 142 142 142 142 142 142
167 148 117 84 58 45 42 41 46 53 57 53 47 44 74 85 98 107 110 112 115 118 124 126 136 153 168 178 186 192 194 199 206 212 215 213 209 205 196 188 170 154 137 111 93 94 87 90 86 74 66 66 66 63 56 55 57 61 66 71 76 79 79 83 90 98 102 100 92 86 68 63 56 50 46 41 34 29 37 38 54 105 146 143 136 146 142 142 142 142 142 142 142 142 142 142 142
60 37 27 25 24 24 27 22 21 26 36 45 54 61 51 65 84 98 104 108 113 117 121 121 130 149 169 182 191 198 203 206 211 215 215 213 210 207 200 187 167 155 142 116 94 91 80 83 79 66 58 58 61 59 64 66 72 81 88 96 104 110 118 120 125 132 136 133 123 115 101 94 86 81 76 65 48 35 37 34 35 88 146 145 135 146 142 142 142 142 142 142 142 142 142 142 142
88 80 121 115 33 17 23 23 37 35 31 41 49 64 73 66 61 70 91 108 113 109 110 113 125 147 167 181 192 200 209 210 214 220 220 216 213 213 201 189 174 159 142 120 97 83 75 75 71 63 60 63 66 65 79 86 96 105 111 117 123 126 135 142 147 145 138 135 138 142 127 123 112 96 84 74 62 50 43 38 31 61 140 144 141 144 142 143 143 144 144 143 143 142 142 142 142
226 204 202 163 56 12 21 22 56 59 38 45 54 49 71 73 74 76 80 90 102 110 109 113 129 153 175 188 195 199 206 205 207 215 221 219 216 214 202 192 179 164 146 123 98 83 73 65 59 58 60 66 78 91 98 106 117 122 124 129 138 147 149 150 152 155 156 153 146 141 135 133 123 104 87 77 73 70 49 42 32 56 133 146 143 142 142 143 143 144 144 143 143 142 142 142 142
209 139 103 84 26 4 13 20 73 85 57 68 78 59 56 70 86 94 93 90 92 96 107 115 134 162 186 200 203 204 204 200 201 211 220 221 217 214 203 196 184 169 150 125 98 79 65 55 55 68 77 80 93 109 121 122 123 123 124 129 136 141 148 148 149 151 151 146 137 130 126 126 122 111 98 88 80 74 58 49 34 49 121 150 145 140 142 143 143 144 144 143 143 142 143 143 143
193 132 75 59 45 45 17 33 77 82 65 75 76 59 57 65 81 98 108 107 101 97 119 127 146 173 198 212 214 211 204 200 202 210 218 219 216 214 205 199 186 170 150 124 94 72 55 49 54 74 92 102 112 121 122 119 117 120 124 122 114 105 110 117 126 130 131 132 136 140 120 116 110 106 102 94 80 68 66 57 39 44 107 152 147 139 142 143 143 144 144 143 143 142 143 143 143
146 131 132 144 130 111 105 123 134 120 118 121 104 101 66 62 67 86 111 133 150 161 151 158 171 189 207 217 218 214 206 205 207 212 214 213 213 214 206 199 185 168 149 123 90 64 49 49 54 70 93 112 118 116 98 99 91 70 47 41 53 68 60 67 75 79 80 80 83 87 111 106 100 96 93 87 80 75 72 62 46 45 95 152 146 139 142 143 143 144 144 143 143 142 143 143 143
185 182 175 168 164 163 147 158 150 130 140 141 119 126 130 119 111 112 119 131 150 168 187 191 197 204 211 217 215 211 210 209 210 213 212 210 210 213 205 198 184 169 153 128 90 58 41 51 63 76 91 97 87 73 66 48 34 44 70 87 83 71 57 55 56 61 68 68 62 55 69 75 85 92 89 83 79 81 73 64 54 50 87 149 144 142 142 143 143 144 144 143 143 142 144 144 144
184 178 179 171 164 163 151 149 146 134 139 142 128 131 120 116 121 133 146 158 175 192 199 204 208 209 211 215 215 212 212 208 207 210 212 211 210 211 203 197 186 174 163 139 95 56 36 47 62 75 77 67 54 46 34 58 85 93 79 56 39 32 27 24 24 33 47 57 60 59 49 51 60 74 81 80 77 76 72 64 61 57 82 145 140 145 142 143 143 144 144 143 143 142 144 144 144
192 188 194 184 174 170 166 150 156 150 138 138 129 121 121 113 116 133 151 162 171 180 192 200 206 206 209 214 217 216 213 206 203 208 213 214 211 209 202 197 187 179 172 148 101 57 39 39 46 56 53 45 50 64 91 81 71 68 68 60 44 29 26 24 20 19 22 33 48 58 78 56 39 45 63 74 75 72 71 63 65 62 80 143 137 147 142 143 143 144 144 143 143 142 144 144 144
192 189 183 175 168 166 161 157 149 142 134 126 119 114 102 108 123 140 150 153 162 173 184 197 207 209 212 218 217 211 210 208 207 208 210 212 212 211 203 196 192 181 166 154 114 57 38 36 37 44 53 63 74 83 66 62 87 166 202 199 169 76 13 11 31 31 34 20 30 26 44 63 64 51 54 66 70 70 69 71 59 73 105 126 142 142 143 143 143 143 143 143 143 143 143 143 143
172 167 161 157 156 158 146 135 121 113 111 109 103 97 122 131 144 153 155 155 162 171 191 202 210 210 211 215 214 208 209 208 208 209 211 212 211 210 205 198 194 183 168 157 118 62 49 52 56 56 51 45 45 49 62 176 229 233 230 227 180 71 14 11 21 57 49 43 26 28 28 49 56 48 50 59 67 75 70 70 57 76 113 134 146 142 143 143 143 143 143 143 143 143 143 143 143
154 144 141 137 128 119 111 107 104 107 115 123 128 130 143 152 159 156 153 157 167 174 197 205 210 209 209 213 212 208 209 209 209 210 212 212 210 208 208 200 196 186 170 159 123 70 45 47 50 48 41 39 47 59 144 202 202 202 207 164 100 44 21 7 18 70 72 59 32 30 21 41 52 52 52 54 61 74 72 68 57 82 123 143 149 142 143 143 143 143 143 143 143 143 143 143 143
151 144 140 138 133 127 128 133 139 141 141 142 148 153 157 161 159 151 151 165 181 189 199 204 207 206 207 211 212 209 208 209 210 212 212 211 209 207 208 199 196 186 171 160 128 79 64 67 72 79 86 99 120 138 137 166 148 144 161 153 141 136 71 43 57 80 98 67 52 38 16 27 35 41 47 46 49 61 70 68 60 91 131 145 148 142 144 144 144 144 144 144 144 144 144 144 144
183 178 168 163 168 176 168 169 170 167 162 158 155 155 161 163 160 156 164 182 196 200 201 203 204 204 205 208 209 207 209 210 212 212 211 210 208 207 206 197 194 185 170 160 132 88 59 62 72 87 103 118 134 146 147 171 175 166 162 168 174 164 168 139 130 114 107 73 56 34 41 37 31 35 48 53 57 67 68 69 67 100 136 143 145 142 144 144 144 144 144 144 144 144 144 144 144
170 180 188 187 183 183 184 176 168 168 172 172 166 159 160 162 165 171 182 193 198 197 205 204 203 203 204 205 205 204 210 211 212 212 210 208 207 207 205 195 193 185 171 162 138 99 74 69 70 80 95 110 124 133 154 141 154 175 173 170 170 160 164 155 137 136 113 117 103 93 84 71 49 40 48 54 59 69 67 69 72 108 140 141 142 143 144 144 144 144 144 144 144 144 144 144 144
119 156 188 189 177 172 178 174 170 170 171 170 164 158 166 168 177 189 197 198 197 196 205 203 202 203 205 206 206 205 211 212 213 211 209 207 207 208 206 196 194 187 173 165 145 109 81 72 66 72 84 99 113 122 142 150 167 162 152 161 167 163 167 165 152 150 123 123 106 95 95 88 67 47 42 43 46 54 68 69 74 113 145 143 143 145 145 145 145 145 145 145 145 145 145 145 145
133 178 195 179 170 177 143 156 170 175 171 168 170 175 178 179 189 201 205 201 201 205 202 200 200 203 207 208 208 209 211 213 213 211 208 206 207 209 207 197 195 190 176 169 149 116 77 75 78 88 98 106 112 116 125 129 144 153 162 162 155 163 156 150 162 154 151 129 124 107 91 98 88 68 57 52 53 60 69 69 73 115 149 146 144 146 145 145 145 145 145 145 145 145 145 145 145
176 188 176 188 171 143 101 141 165 161 158 166 179 190 148 182 199 188 185 201 207 197 188 203 206 202 206 210 209 210 212 211 208 206 205 206 207 208 206 203 197 191 185 171 146 125 84 79 83 90 96 108 118 117 129 128 130 135 141 146 148 147 144 143 142 141 135 123 114 111 102 104 101 88 70 55 49 49 63 72 66 127 146 145 150 143 144 144 144 144 144 144 144 144 144 144 144
154 133 154 144 129 150 106 138 146 120 115 144 163 156 147 180 189 175 178 192 191 180 185 200 204 201 206 209 208 209 210 209 206 204 203 203 205 206 205 202 197 193 188 175 152 132 91 79 80 89 96 108 119 121 129 129 129 130 130 128 123 120 123 121 119 118 113 106 103 104 97 96 93 85 74 63 54 50 63 72 65 121 143 144 148 143 144 144 144 144 144 144 144 144 144 144 144
106 136 138 113 142 171 130 118 129 145 142 144 160 169 156 182 182 171 181 189 181 174 184 198 202 201 207 209 207 208 208 206 204 202 201 201 202 203 204 201 197 193 189 177 156 136 102 81 76 87 97 107 119 123 126 127 129 130 129 123 116 111 106 100 95 92 89 86 88 91 95 92 88 85 81 73 62 55 64 71 65 112 141 144 146 143 144 144 144 144 144 144 144 144 144 144 144
139 156 121 146 193 153 156 148 160 166 155 163 169 152 168 180 176 175 191 190 180 184 189 201 204 204 209 210 206 207 206 205 203 201 200 200 201 201 204 202 197 193 188 177 156 138 114 86 75 87 97 105 115 120 126 129 133 137 137 134 129 125 116 105 93 87 82 77 74 73 85 83 81 81 81 78 72 66 67 73 67 104 140 145 144 142 144 144 144 144 144 144 144 144 144 144 144
162 148 136 165 172 159 171 153 156 159 146 151 162 154 169 168 167 179 193 187 183 197 198 207 208 207 211 210 205 207 205 204 203 201 201 201 202 202 204 202 199 194 190 180 162 146 126 95 79 88 96 101 108 112 122 126 132 137 139 139 137 136 139 126 113 107 102 93 82 75 76 77 78 79 78 77 76 76 72 76 71 96 140 147 143 142 145 145 145 145 145 145 145 145 145 145 145
161 163 170 165 150 183 179 148 150 170 162 146 156 173 165 161 169 183 186 184 193 205 205 211 210 209 212 210 204 206 203 203 203 202 202 203 203 204 203 202 200 198 195 187 172 158 136 104 85 86 91 97 104 104 106 111 119 126 132 135 138 139 144 138 134 134 131 123 113 107 93 96 96 92 85 79 77 78 79 81 74 86 138 148 142 145 145 145 145 145 145 145 145 145 145 145 145
196 189 180 186 183 170 182 186 185 176 170 170 164 153 162 166 184 188 175 187 207 205 208 211 208 207 210 207 202 206 202 202 202 202 203 204 205 205 203 203 202 199 197 191 177 164 142 113 89 82 83 93 102 100 100 106 115 123 128 131 133 135 131 134 139 140 133 122 115 114 115 117 118 114 104 94 88 85 88 85 75 74 132 146 142 148 145 145 145 145 145 145 145 145 145 145 145
181 193 193 178 187 184 185 176 171 179 182 167 160 171 159 172 197 188 164 188 215 201 208 210 206 205 208 206 201 205 200 201 201 202 203 204 205 206 205 205 203 199 196 189 176 163 146 118 91 78 78 91 102 100 112 118 125 129 129 127 125 124 121 128 135 130 111 91 83 84 115 118 123 123 119 112 104 99 94 88 74 66 127 144 142 151 145 145 145 145 145 145 145 145 145 145 145
189 190 189 185 182 182 181 174 174 184 187 178 169 167 181 178 178 182 188 195 203 210 209 210 210 208 206 203 202 202 198 200 203 205 205 206 206 207 206 208 206 202 196 189 178 169 150 115 92 82 73 81 96 96 108 120 121 130 132 127 128 117 100 103 93 110 131 95 72 110 90 112 130 129 124 121 116 109 102 95 81 70 114 151 139 146 144 144 144 144 144 144 144 144 144 144 144
187 190 190 187 184 184 178 168 165 170 174 172 172 176 173 169 171 181 192 199 202 205 208 209 208 206 203 201 200 201 198 200 203 204 204 204 205 205 204 205 204 200 197 191 181 171 147 114 87 77 73 77 88 95 97 108 113 125 122 112 123 129 123 118 88 87 115 101 78 94 81 113 135 139 139 136 132 133 121 109 93 76 107 145 141 142 145 145 145 145 145 145 145 145 145 145 145
188 189 189 186 183 184 178 170 166 169 172 174 179 186 174 174 179 187 194 197 201 205 206 206 205 203 200 198 198 199 197 199 202 203 202 202 202 203 204 204 203 201 200 196 186 176 156 127 92 78 77 72 75 89 99 95 92 111 119 113 122 127 117 130 116 109 119 101 89 115 117 141 149 146 149 142 131 135 132 117 102 83 96 136 147 141 145 145 145 145 145 145 145 145 145 145 145
189 189 188 183 180 180 178 175 174 177 179 179 181 186 180 183 188 189 184 184 194 206 203 203 202 200 197 196 196 197 195 197 200 201 200 200 200 201 203 204 203 201 200 195 185 175 162 137 98 79 80 69 64 80 97 96 91 106 116 114 123 123 128 122 110 128 151 130 113 135 140 148 138 135 150 151 145 152 137 122 111 93 90 128 152 141 145 145 145 145 145 145 145 145 145 145 145
189 188 186 181 178 177 175 173 174 176 177 176 177 179 178 175 173 173 173 178 190 202 201 201 201 199 197 196 196 197 194 196 199 200 200 200 200 201 204 207 207 205 200 193 182 172 158 137 100 80 79 67 58 69 78 102 111 112 105 104 121 125 127 121 113 129 149 134 125 146 122 122 113 109 118 121 124 136 133 122 117 103 89 118 151 142 145 145 145 145 145 145 145 145 145 145 145
186 186 184 180 178 178 174 171 168 167 169 170 171 171 168 157 150 160 177 191 197 200 198 199 201 200 199 198 198 199 196 199 201 202 202 201 201 202 209 214 217 213 206 195 183 174 163 144 113 89 79 69 57 54 66 96 108 109 105 108 122 119 110 134 142 138 135 125 120 131 114 115 120 117 101 90 95 106 109 106 106 103 88 107 147 147 146 146 146 146 146 146 146 146 146 146 146
186 184 182 178 175 176 173 169 163 161 161 162 159 155 149 144 148 165 187 199 202 201 196 198 201 203 202 201 200 200 203 205 206 206 205 203 203 203 208 217 221 217 206 193 180 172 162 145 122 97 81 76 66 47 59 79 89 104 113 118 126 119 126 139 141 141 146 138 119 110 128 124 142 151 127 113 117 114 93 96 96 101 88 96 139 150 146 146 146 146 146 146 146 146 146 146 146
186 184 181 175 172 172 169 165 160 157 157 153 144 135 130 140 157 177 189 194 197 201 195 198 202 204 203 202 202 202 207 210 210 209 207 205 204 203 199 211 216 213 199 183 171 163 145 132 118 97 80 84 78 51 44 67 86 108 114 112 128 136 135 142 147 148 138 119 120 140 145 126 143 159 136 123 119 98 100 106 102 106 91 87 129 147 146 146 146 146 146 146 146 146 146 146 146
185 180 177 174 170 167 158 150 147 147 142 132 129 133 133 148 170 186 194 197 198 199 203 202 198 197 204 208 205 199 202 202 202 200 200 201 201 200 198 199 198 195 191 180 162 146 127 112 91 78 77 79 77 73 50 50 70 97 107 113 123 129 132 138 142 141 142 145 149 150 147 147 147 147 145 141 134 129 104 88 96 106 95 77 124 152 146 146 146 146 146 146 146 146 146 146 146
182 177 173 170 166 163 148 143 139 136 127 120 125 137 153 164 180 192 198 199 199 200 202 206 208 208 205 202 196 191 191 194 196 194 190 188 187 186 189 191 190 186 178 165 145 128 100 89 75 69 73 77 76 72 55 48 60 83 95 106 119 127 132 138 141 141 141 145 149 150 145 147 149 148 144 139 136 135 122 100 99 99 85 67 117 149 146 146 146 146 146 146 146 146 146 146 146
180 173 169 165 159 155 139 134 128 121 113 113 129 147 168 175 184 191 194 196 197 198 197 197 199 201 198 191 188 188 183 188 193 194 191 188 190 193 185 186 185 179 168 151 127 109 86 76 65 62 67 71 72 71 63 49 52 72 87 101 116 123 130 136 139 139 139 144 148 150 144 148 151 149 143 139 139 140 136 114 105 98 83 62 110 147 146 146 146 146 146 146 146 146 146 146 146
172 167 163 156 147 141 133 123 114 110 113 125 147 165 175 178 182 186 190 193 195 197 203 199 196 193 185 171 161 157 171 175 180 184 183 182 185 190 184 186 184 176 162 141 115 96 81 71 61 59 63 67 70 72 67 48 46 64 80 95 109 114 126 132 135 136 137 142 147 148 146 149 151 149 144 140 140 141 137 120 112 105 91 66 108 145 146 146 146 146 146 146 146 146 146 146 146
164 160 155 147 135 125 119 108 100 107 126 150 171 184 184 184 185 187 190 193 195 196 183 181 173 151 117 82 60 53 64 99 146 176 181 176 183 195 181 183 180 171 155 133 107 88 73 65 59 61 64 65 67 70 70 46 38 49 63 80 97 105 121 128 133 135 137 142 147 148 150 149 148 147 145 142 139 137 135 123 114 107 95 67 106 145 146 146 146 146 146 146 146 146 146 146 146
161 157 151 141 126 115 101 99 104 122 150 175 190 196 194 192 189 189 190 190 188 186 185 181 160 114 63 28 22 20 25 18 24 71 132 169 176 169 177 179 175 165 149 128 105 88 74 66 61 62 61 56 55 59 74 48 35 40 49 65 88 102 115 122 130 133 137 142 147 148 149 147 146 146 145 142 137 133 135 126 113 102 92 63 101 146 146 146 146 146 146 146 146 146 146 146 146
154 147 141 130 115 104 96 109 131 156 177 192 199 200 200 197 193 191 190 187 180 175 167 158 129 87 56 45 38 32 31 24 19 19 30 66 124 172 168 169 166 155 139 122 102 87 76 62 50 44 38 34 38 47 68 47 37 41 44 56 77 92 104 114 123 129 133 139 142 143 143 144 146 146 143 140 136 134 133 127 113 101 93 63 98 145 146 146 146 146 146 146 146 146 146 146 146
142 133 125 114 100 90 100 127 161 186 197 200 201 200 204 201 197 195 194 189 179 172 154 143 120 102 106 112 95 66 43 46 59 74 83 91 109 128 156 157 153 142 128 112 94 81 66 46 25 15 13 14 28 45 55 40 38 44 43 48 64 76 95 105 117 123 128 134 137 137 137 142 147 147 142 137 136 136 128 126 115 105 99 66 98 145 146 146 146 146 146 146 146 146 146 146 146
131 122 112 101 96 97 136 162 187 197 199 204 207 205 203 209 201 201 199 193 192 177 158 142 138 142 152 173 182 170 142 141 143 155 173 181 169 152 147 153 151 136 115 98 83 73 47 18 11 14 20 17 28 50 50 41 41 49 51 48 56 70 84 97 109 114 118 127 134 137 138 140 142 140 137 134 134 135 132 121 116 106 95 79 91 146 148 148 148 148 148 148 148 148 147 147 147
112 113 99 82 97 131 164 183 200 204 203 205 205 202 209 211 204 203 199 189 189 180 171 176 150 142 172 185 181 195 193 185 177 178 190 198 191 177 159 155 141 122 104 88 71 57 28 26 26 28 23 22 35 53 51 44 42 49 53 51 53 59 75 90 106 114 120 127 134 137 140 139 138 137 136 137 138 138 126 117 113 106 96 80 91 145 148 148 148 148 148 148 148 148 147 147 147
106 90 79 92 134 174 186 198 206 206 205 208 208 205 211 206 195 204 205 194 189 179 175 185 165 156 180 184 177 191 197 195 188 186 194 200 194 180 169 149 120 96 84 74 60 48 31 43 47 39 30 33 42 48 50 47 45 48 54 56 54 50 66 82 101 113 119 125 130 132 134 134 134 134 135 135 133 132 119 111 110 105 96 81 91 145 148 148 148 148 148 148 148 148 147 147 147
82 75 96 139 177 195 200 204 206 204 205 208 208 206 202 201 196 205 196 172 170 170 175 174 187 194 188 190 195 188 192 195 193 186 186 188 182 170 153 127 92 69 63 63 59 54 50 53 48 40 39 47 51 48 47 50 50 50 54 60 58 51 61 76 96 110 117 120 122 124 123 127 132 134 132 128 124 121 115 107 106 101 94 80 92 147 148 148 148 148 148 148 148 148 147 147 147
62 103 155 183 192 196 208 209 207 204 203 205 204 201 197 203 202 199 168 134 141 157 156 160 179 188 178 179 188 187 194 201 198 180 165 158 149 137 112 91 66 52 52 57 59 59 58 51 45 43 47 51 53 53 47 54 57 54 55 62 63 58 58 69 86 102 111 115 117 119 119 124 130 131 127 123 122 123 113 104 102 97 90 78 92 148 148 148 148 148 148 148 148 148 147 147 147
117 156 187 201 201 196 199 200 201 202 204 204 203 202 203 196 181 178 160 135 137 142 134 152 142 135 148 141 138 163 170 186 191 177 157 140 117 95 74 63 52 50 52 53 54 54 54 51 51 51 45 37 38 46 47 55 60 59 60 65 66 64 58 63 75 91 104 111 115 118 122 124 127 126 123 123 125 128 108 100 97 93 87 76 91 148 148 148 148 148 148 148 148 148 147 147 147
171 176 179 192 197 189 180 183 189 195 198 197 196 195 189 176 157 162 162 146 138 127 124 133 119 114 132 124 113 131 139 157 168 163 155 142 116 88 71 61 52 51 52 49 47 47 47 48 49 45 35 27 29 35 41 47 54 62 68 72 72 70 64 61 65 81 97 107 112 115 121 120 120 121 122 121 117 114 100 92 93 90 85 75 90 147 148 148 148 148 148 148 148 148 147 147 147
157 160 169 173 174 172 171 175 182 188 188 184 179 178 154 161 160 164 151 129 123 116 104 92 101 118 122 122 117 102 122 130 130 123 126 131 118 97 86 71 57 52 50 46 44 45 37 37 34 29 28 31 35 36 34 37 47 63 76 80 78 75 71 63 62 75 92 103 108 111 116 114 114 119 122 117 103 90 93 87 89 88 85 75 89 145 148 148 148 148 148 148 148 148 147 147 147
143 157 161 159 157 155 146 175 149 156 173 157 151 131 138 164 149 135 127 119 119 99 92 98 97 118 103 113 113 99 98 109 121 115 113 108 88 87 80 82 82 76 68 61 55 52 49 43 37 36 36 35 35 37 39 47 48 52 67 78 84 90 84 68 57 65 82 94 102 108 111 113 115 115 114 108 94 81 78 83 83 76 87 69 95 146 146 147 147 148 148 148 148 148 148 148 148
134 129 150 137 124 148 168 149 118 142 159 134 134 145 129 144 135 129 120 111 109 87 70 86 87 104 91 95 98 93 97 105 113 104 102 96 75 74 78 92 103 100 86 72 65 62 59 57 54 47 36 30 35 44 44 51 49 47 57 65 72 80 80 74 65 62 71 87 99 104 108 111 113 113 111 106 93 81 75 79 82 76 85 67 93 142 146 147 147 148 148 148 148 148 148 148 148
108 107 132 131 131 162 151 117 107 138 146 120 116 137 123 117 111 113 101 96 100 81 71 94 92 99 90 86 88 92 84 88 93 86 86 81 61 60 78 95 110 110 99 86 77 72 74 71 67 60 49 40 39 43 51 58 55 49 53 58 64 74 72 74 67 55 56 75 93 100 105 108 110 110 108 102 91 81 73 75 79 74 82 67 94 139 146 147 147 148 148 148 148 148 148 148 148
113 131 123 116 116 107 109 100 115 125 122 116 108 110 107 88 93 106 94 88 90 73 79 98 86 83 83 74 73 77 66 68 74 70 75 73 54 55 82 93 103 103 100 96 88 80 86 74 65 67 70 63 48 36 50 61 62 56 57 58 61 70 68 69 64 54 53 65 85 99 102 107 109 108 104 98 89 80 73 72 77 72 79 69 101 143 146 147 147 148 148 148 148 148 148 148 148
111 117 95 88 92 79 92 95 104 93 91 105 99 85 83 64 84 106 96 86 78 64 89 95 76 69 79 72 71 68 57 57 63 61 66 65 49 52 80 96 108 105 98 94 89 83 87 71 59 65 75 73 58 44 45 60 65 62 61 58 56 62 72 65 61 61 58 59 75 95 99 105 109 107 102 96 87 79 77 71 76 70 76 72 110 150 146 147 147 148 148 148 148 148 148 148 148
102 84 81 84 91 106 90 89 79 75 84 91 84 67 80 62 78 92 86 81 76 80 88 84 67 61 77 73 79 69 57 54 56 52 55 54 41 49 74 102 124 119 101 88 80 74 75 65 57 59 64 65 62 60 45 61 67 65 65 59 55 58 67 58 57 62 57 48 57 77 92 100 107 106 101 94 86 79 80 71 76 69 73 74 117 153 146 147 147 148 148 148 148 148 148 148 148
120 102 91 90 91 93 85 91 69 78 91 79 79 76 87 73 82 83 80 80 79 100 75 68 62 55 64 59 75 61 62 57 56 50 52 54 48 63 83 111 135 132 116 99 80 65 61 56 54 56 57 56 57 59 46 59 63 60 61 58 55 59 52 54 59 62 53 42 47 61 82 93 103 105 100 94 86 80 80 70 76 69 71 74 117 149 146 147 147 148 148 148 148 148 148 148 148
124 102 63 83 114 98 81 104 75 78 87 71 92 104 82 79 96 96 95 89 78 101 80 73 76 67 65 57 79 63 70 64 62 55 60 66 67 87 103 121 137 140 136 122 92 63 53 49 49 56 60 57 50 46 42 52 52 49 52 54 54 59 43 56 67 66 54 47 51 59 76 88 100 103 100 94 87 81 80 68 76 70 69 72 115 144 146 147 147 148 148 148 148 148 148 148 148
113 72 88 77 89 101 97 95 92 90 88 89 98 109 83 109 78 95 112 85 97 104 86 82 89 94 83 74 77 80 91 87 93 99 95 102 122 136 143 151 158 163 167 157 128 99 57 41 53 69 61 62 63 47 43 49 46 39 46 58 51 33 51 51 55 61 60 53 50 52 59 73 94 102 96 95 91 80 79 73 69 70 70 80 110 142 147 150 148 147 151 148 145 151 148 148 149
87 68 86 74 86 84 78 101 100 89 102 118 115 110 112 111 95 103 121 126 131 130 114 94 87 92 91 90 95 97 97 91 92 99 108 123 132 127 155 155 149 141 141 143 136 124 79 58 59 64 53 52 53 37 41 47 46 43 48 54 46 32 47 47 52 59 60 54 50 50 52 63 83 97 99 97 92 81 78 74 70 68 69 83 112 138 146 150 148 147 151 148 145 150 148 148 149
58 57 70 67 83 83 97 105 101 103 117 119 124 145 128 99 100 114 135 147 129 116 124 102 95 101 101 98 100 101 90 92 96 94 94 109 118 112 125 125 118 106 100 101 101 98 92 70 63 60 48 47 49 37 40 43 46 48 51 50 42 34 41 41 46 53 57 55 50 47 48 54 69 88 100 99 89 81 76 73 70 67 69 83 110 133 144 150 149 147 151 148 145 149 148 148 149
55 57 60 69 85 101 91 110 120 116 114 123 130 131 140 118 117 127 140 142 133 139 126 113 112 115 106 99 103 107 111 109 110 106 99 105 115 114 104 106 102 93 87 86 85 83 90 77 71 65 51 48 49 41 37 38 42 46 46 40 35 33 34 34 36 43 50 52 50 47 52 52 58 78 98 98 86 79 74 68 68 70 69 75 102 132 140 149 149 147 150 148 145 148 148 148 149
42 41 38 49 49 67 80 77 88 96 91 98 111 110 106 125 125 135 143 133 132 137 121 113 112 110 100 98 105 107 122 102 98 110 115 115 112 107 107 102 93 86 85 90 94 94 80 80 81 74 60 52 49 45 39 36 37 39 35 28 24 25 29 28 28 32 40 47 48 46 53 52 50 66 92 96 84 81 72 64 66 75 69 64 92 131 136 148 150 147 149 149 146 148 148 148 149
17 17 17 16 18 24 36 44 58 78 96 97 92 93 103 107 95 105 117 113 104 84 89 85 85 84 83 89 89 77 88 73 79 99 102 94 92 93 96 88 79 73 72 73 73 71 59 69 74 71 63 57 54 53 48 44 40 38 33 27 23 23 24 24 23 24 30 38 42 42 45 51 45 53 83 94 84 83 72 63 67 75 68 62 87 125 131 146 150 146 149 149 147 148 148 148 149
19 19 20 11 66 74 11 32 16 18 62 62 69 131 179 105 95 106 85 73 78 82 78 78 73 60 58 78 88 78 78 74 84 94 85 77 80 85 73 70 66 64 60 54 47 42 40 50 52 49 52 53 52 52 49 47 43 39 36 34 30 26 22 23 23 20 23 30 34 33 34 49 43 44 75 89 80 78 71 69 70 70 67 69 89 113 127 144 149 146 149 150 148 149 148 148 149
28 24 22 10 131 153 25 22 41 159 214 71 34 210 202 94 145 181 98 38 44 93 111 109 89 52 40 76 115 125 101 89 83 81 76 76 75 66 51 48 46 44 42 38 37 38 37 41 35 29 37 41 39 40 41 42 39 35 36 38 35 27 20 24 24 20 20 24 27 26 28 49 43 39 69 84 75 72 71 75 72 65 65 78 94 103 125 143 149 145 149 151 149 149 148 148 149
77 54 13 16 89 153 84 55 90 239 249 140 164 241 107 59 183 225 229 91 82 174 190 173 174 111 77 157 180 185 174 151 131 106 37 69 78 73 61 61 42 36 35 38 32 16 22 25 37 19 29 31 34 40 36 34 33 33 34 33 30 28 21 18 19 19 19 28 34 30 38 41 45 37 51 79 78 70 72 63 67 62 50 74 105 105 129 144 149 146 150 151 149 151 149 149 149
116 80 55 41 63 113 117 51 109 226 198 214 227 176 113 114 54 208 252 132 132 220 233 212 205 161 151 213 219 206 208 193 170 136 77 122 133 121 119 105 74 41 31 39 37 32 41 7 13 19 19 15 24 18 28 28 27 28 28 26 22 20 17 17 17 17 20 23 27 31 43 42 45 39 52 75 73 69 65 59 65 59 46 68 103 110 129 144 149 146 149 151 149 150 149 149 149
148 124 114 88 52 39 43 27 114 203 163 190 211 105 170 164 157 227 141 131 164 235 225 217 214 189 193 228 234 224 220 218 200 167 129 184 192 174 170 153 117 54 52 80 66 47 40 26 46 35 24 13 14 9 11 13 16 20 23 23 21 20 17 20 16 16 24 20 20 37 53 45 47 45 56 71 67 69 57 54 60 55 41 60 97 112 130 145 149 146 149 150 148 149 149 149 149
170 168 147 131 94 39 10 21 99 179 152 96 180 125 131 200 239 216 90 81 173 232 225 225 221 203 210 226 233 225 214 219 210 188 172 218 216 196 188 179 152 77 99 141 98 48 18 77 91 32 23 9 6 7 6 7 8 13 16 19 20 20 20 26 18 19 29 20 19 45 63 49 49 51 59 67 61 67 52 50 55 50 39 53 86 106 130 145 149 146 149 150 148 149 150 150 150
192 192 166 156 148 124 57 23 36 86 67 17 126 135 127 114 168 214 167 73 141 233 221 218 209 202 214 235 232 216 220 221 213 200 199 226 212 199 197 186 171 113 148 171 117 69 76 102 87 24 22 11 5 9 8 9 9 10 11 13 15 17 26 31 21 20 32 24 24 51 67 49 48 51 57 60 54 61 51 48 50 47 40 49 76 99 129 144 148 145 148 150 148 149 150 150 150
196 195 198 180 158 160 141 107 57 42 36 42 68 128 153 173 75 85 112 38 137 240 219 223 223 211 200 237 229 218 225 219 208 199 210 224 208 206 204 184 174 145 182 168 129 114 173 96 56 30 23 10 9 8 7 9 9 10 11 16 20 24 31 33 24 22 32 32 37 57 65 47 45 46 51 54 46 53 49 47 46 44 40 45 70 99 127 143 147 145 148 150 148 150 150 150 150
191 197 213 200 165 150 161 171 125 79 69 82 60 123 162 93 79 89 52 19 66 181 204 212 220 200 163 231 226 225 218 215 203 190 211 221 202 204 198 181 167 150 189 154 125 116 140 71 51 31 14 4 6 4 7 8 11 15 20 26 34 39 36 33 28 26 32 43 56 66 63 47 45 43 48 52 44 48 45 45 43 41 38 41 71 109 126 141 146 144 148 151 149 151 151 151 151
197 206 199 206 199 166 167 166 161 136 95 91 128 143 132 129 100 68 53 57 70 73 111 110 122 117 101 218 221 222 216 219 206 188 211 217 193 191 186 182 159 136 178 140 105 71 30 62 83 37 14 6 9 14 11 15 20 24 28 34 40 45 41 34 31 30 35 53 71 73 64 49 47 43 48 53 45 48 41 44 42 39 35 39 73 119 125 140 146 144 148 151 150 152 151 151 151
181 200 209 212 206 192 171 179 179 162 136 122 126 137 144 163 153 114 89 93 114 135 129 106 86 79 69 84 120 148 180 177 204 162 206 215 194 196 189 177 137 145 158 123 101 98 44 87 94 50 14 7 10 13 17 20 28 38 45 46 49 52 37 42 36 32 43 57 66 73 66 53 48 48 43 43 45 42 35 41 39 33 40 35 80 114 136 140 146 150 151 150 149 148 150 150 150
184 199 206 212 209 197 186 186 183 173 160 147 140 136 130 159 173 165 157 153 152 157 171 144 153 116 107 75 84 76 58 68 78 66 98 123 136 148 148 124 72 74 96 82 71 69 29 51 51 29 14 9 12 22 28 32 41 48 47 43 44 47 40 37 29 31 52 68 75 82 76 61 52 48 39 37 38 35 33 38 36 30 40 42 93 132 140 144 149 151 151 150 149 148 150 150 150
190 200 203 211 213 203 200 192 184 184 186 179 161 145 130 138 148 174 209 221 215 207 180 160 154 161 136 156 125 115 91 97 72 64 47 45 45 38 46 45 22 23 32 17 9 9 30 109 84 12 14 20 11 30 41 47 55 59 53 45 44 48 39 33 27 40 68 82 82 83 69 55 47 43 35 35 38 36 27 34 35 32 46 52 107 149 142 145 148 150 150 150 150 150 150 150 150
191 199 201 210 214 207 205 194 184 187 196 195 182 167 160 141 124 140 181 202 200 195 198 165 169 144 150 158 151 140 127 122 105 106 92 87 81 64 48 53 41 30 24 12 9 14 13 14 11 8 14 37 49 44 55 57 63 65 61 55 53 56 44 41 41 61 88 93 82 78 59 47 43 41 36 37 42 41 29 36 37 35 48 50 102 140 142 144 147 148 149 149 150 152 150 150 150
178 192 198 207 213 209 208 199 190 187 191 195 194 190 181 170 151 142 144 145 148 160 152 133 154 139 159 144 143 141 140 125 127 110 105 102 96 87 85 78 64 48 38 26 9 7 11 16 14 23 48 53 50 62 67 65 65 67 68 64 62 63 56 58 61 74 92 91 78 72 59 48 46 45 38 36 39 37 36 40 37 33 45 47 95 131 146 147 149 149 149 149 150 151 150 150 150
156 180 193 202 209 209 213 209 201 192 187 188 195 200 191 189 176 162 154 148 152 165 203 168 127 117 141 125 124 140 128 127 136 114 112 109 100 98 86 77 75 56 37 22 9 9 12 16 62 74 43 61 90 68 75 70 66 68 70 68 65 65 64 69 67 68 77 77 68 64 51 42 41 41 34 32 34 33 37 38 34 34 55 62 113 148 150 152 153 152 151 149 149 150 150 150 150
139 171 189 197 204 208 213 213 209 199 189 186 191 197 197 198 187 174 169 161 153 154 176 143 139 122 207 97 92 74 98 114 90 84 83 86 73 62 65 47 46 26 16 16 19 41 73 64 68 89 97 80 70 79 73 70 68 70 69 66 64 64 63 73 70 62 67 71 65 58 44 36 36 36 30 29 34 34 32 34 34 42 70 79 124 154 147 149 151 152 151 150 149 150 150 150 150
133 167 188 193 200 206 210 211 210 204 194 188 187 189 184 204 207 200 186 169 156 154 122 125 119 122 174 41 26 32 127 145 70 81 88 108 100 80 66 43 52 54 60 76 79 92 89 99 91 77 79 86 80 72 67 67 69 71 68 63 63 65 63 78 77 67 73 79 70 59 52 43 40 38 30 30 36 36 30 34 38 50 76 78 112 133 138 141 146 148 149 150 150 151 150 150 150
127 160 189 188 195 205 212 211 209 207 203 196 188 181 187 187 190 197 198 189 169 153 145 134 125 127 124 104 72 47 103 122 67 92 78 179 154 142 135 135 129 120 119 122 116 106 90 95 92 82 79 83 79 69 61 63 69 68 62 64 69 65 71 71 67 61 58 56 47 35 40 42 38 38 38 31 29 39 30 35 31 40 52 73 118 145 131 141 150 151 150 151 152 152 150 150 150
121 158 189 188 193 200 208 208 208 208 206 200 192 186 183 178 178 187 196 194 180 166 150 143 136 131 129 127 129 134 130 120 105 122 135 158 152 148 140 132 124 121 119 115 108 103 91 91 85 77 75 77 73 66 64 64 68 67 61 66 74 72 66 77 76 58 44 46 53 56 32 35 32 32 37 34 31 37 30 41 44 60 74 93 131 152 135 144 151 151 149 150 151 151 150 150 150
